final Start:---------------
W1:  [[ 1.57057717]
 [ 0.3513207 ]
 [ 0.37058355]
 [ 0.34329271]
 [-0.50461379]
 [-0.53774374]
 [ 1.47961249]
 [ 0.33644276]
 [ 1.01484572]
 [ 0.37490069]]
B1:  [[-0.73572695]
 [ 0.02162105]
 [-0.04727032]
 [ 0.09835377]
 [ 0.89854092]
 [ 1.03138988]
 [ 0.68944084]
 [ 0.24781444]
 [ 2.65391407]
 [-0.22622482]]
W2:  [[ 2.12569967 -0.75575478 -0.62608082 -0.71687641  1.30698678  1.36533975
   3.49948801 -0.98875455 -2.18230237 -1.22353888]]
B2:  [[1.06679075]]
final End:---------------








final Start:---------------
W1:  [[ 0.38069135]
 [ 1.25289161]
 [ 0.39635077]
 [ 0.67221619]
 [ 1.43137598]
 [ 0.46019263]
 [-0.53756039]
 [ 1.42365482]
 [-0.61247688]
 [ 0.4714896 ]]
B1:  [[ 0.55759613]
 [ 0.62753037]
 [ 0.66292651]
 [ 1.53179451]
 [ 0.28830343]
 [ 0.95832812]
 [ 1.17832155]
 [-0.29180524]
 [ 1.45384075]
 [ 0.99656737]]
W2:  [[-1.4217107   0.35961272 -1.14785713 -1.80242215  3.66474259 -1.37947222
   1.15455     1.90043999  1.43778594 -1.36717477]]
B2:  [[1.35841635]]
final End:---------------








final Start:---------------
W1:  [[ 0.5603867 ]
 [-0.43675787]
 [ 0.44755109]
 [-0.36994883]
 [ 1.51330394]
 [ 0.46446038]
 [ 1.40784787]
 [ 0.35055553]
 [ 0.35981774]
 [-0.35555583]]
B1:  [[ 1.1760767 ]
 [ 0.86755194]
 [ 0.81932581]
 [ 0.37391479]
 [ 0.39794836]
 [ 0.87398842]
 [-0.15035139]
 [ 0.0753791 ]
 [ 0.25532943]
 [ 0.15350147]]
W2:  [[-1.68003311  0.98348336 -1.34526129  0.91354727  2.80905474 -1.18566444
   2.97261405 -1.41007231 -0.93776664  1.35153253]]
B2:  [[1.78102575]]
final End:---------------








final Start:---------------
W1:  [[ 0.80504539]
 [ 0.39298181]
 [ 1.39224319]
 [-0.54032512]
 [ 0.3836526 ]
 [ 0.39849363]
 [ 1.42507152]
 [ 0.38293063]
 [ 0.38652726]
 [ 1.40478021]]
B1:  [[ 1.97492645]
 [ 0.58166555]
 [ 0.21797769]
 [ 0.95563019]
 [ 0.27311936]
 [-0.10938577]
 [ 0.43733543]
 [ 0.14715648]
 [ 0.11156491]
 [-0.2627662 ]]
W2:  [[-2.02862808 -1.08412317  1.92433982  1.53114151 -0.81414109 -1.45290155
   2.22332109 -1.50261009 -1.11931688  1.82637905]]
B2:  [[0.22634667]]
final End:---------------








final Start:---------------
W1:  [[ 0.65265013]
 [ 1.43595324]
 [ 1.42845565]
 [ 0.32623073]
 [ 0.47980424]
 [-0.47408764]
 [ 0.36887203]
 [ 0.42825579]
 [-0.46773159]
 [ 0.3529978 ]]
B1:  [[ 1.50867809]
 [-0.05723248]
 [ 0.19386152]
 [ 0.13510539]
 [ 1.05192564]
 [ 0.93834389]
 [ 0.49854156]
 [ 0.85949241]
 [ 0.90755368]
 [ 0.02507585]]
W2:  [[-1.5980183   1.40298302  4.36495959 -0.51582458 -1.49524408  1.29146213
  -1.28631075 -1.30524748  1.23272451 -0.9758364 ]]
B2:  [[1.15066755]]
final End:---------------








