Weights Start:---------------
W1:  [[0.87134627]
 [0.436875  ]
 [0.49477917]
 [0.02689931]
 [0.22710101]
 [0.4599784 ]
 [0.58497096]
 [0.47971826]
 [0.99679444]
 [0.37902709]]
B1:  [[0.16117936]
 [0.3008949 ]
 [0.28538435]
 [0.16854362]
 [0.45479055]
 [0.59213076]
 [0.34172246]
 [0.46064866]
 [0.96877461]
 [0.04918032]]
W2:  [[0.23251831 0.86758071 0.67784312 0.2732575  0.52042531 0.71441278
  0.86758352 0.60901928 0.42006013 0.40324582]]
B2:  [[0.47575637]]
Weights End:---------------








Weights Start:---------------
W1:  [[0.49046828]
 [0.9027727 ]
 [0.1876164 ]
 [0.7415927 ]
 [0.9522787 ]
 [0.52721979]
 [0.04215986]
 [0.66133053]
 [0.15045609]
 [0.97624921]]
B1:  [[0.70902922]
 [0.89096549]
 [0.77946059]
 [0.97188285]
 [0.16921718]
 [0.96052785]
 [0.75625646]
 [0.23703312]
 [0.79715053]
 [0.82383792]]
W2:  [[0.29105384 0.61888806 0.27559358 0.05905109 0.91146202 0.32222517
  0.41521703 0.61407681 0.54456721 0.25213433]]
B2:  [[0.11482488]]
Weights End:---------------








Weights Start:---------------
W1:  [[0.61473387]
 [0.14491381]
 [0.91536422]
 [0.1793363 ]
 [0.92027609]
 [0.58942254]
 [0.86011717]
 [0.6670609 ]
 [0.26207418]
 [0.02355468]]
B1:  [[0.55578996]
 [0.72782582]
 [0.42865744]
 [0.26605749]
 [0.39653344]
 [0.7048427 ]
 [0.27251616]
 [0.00304755]
 [0.25467919]
 [0.01696029]]
W2:  [[0.10113768 0.52854651 0.18367307 0.58570201 0.91914742 0.52180712
  0.96039036 0.03185302 0.38638781 0.84175377]]
B2:  [[0.89799153]]
Weights End:---------------








Weights Start:---------------
W1:  [[0.89212047]
 [0.76139052]
 [0.84526704]
 [0.45992804]
 [0.03707026]
 [0.55332122]
 [0.66770295]
 [0.81183895]
 [0.75666302]
 [0.59401821]]
B1:  [[0.92536527]
 [0.76260817]
 [0.29739151]
 [0.54572912]
 [0.31331594]
 [0.19289192]
 [0.25988896]
 [0.33223064]
 [0.34984948]
 [0.0845453 ]]
W2:  [[0.00459368 0.64747764 0.65767679 0.87013296 0.40862964 0.33501103
  0.90206283 0.15891723 0.42169023 0.7692452 ]]
B2:  [[0.03172757]]
Weights End:---------------








